smulcahy@smulz400:~$ ipcalc -n 10.14.38.136/255.255.255.192
Address:   10.14.38.136         00001010.00001110.00100110.10 001000
Netmask:   255.255.255.192 = 26 11111111.11111111.11111111.11 000000
Wildcard:  0.0.0.63             00000000.00000000.00000000.00 111111
=>
Network:   10.14.38.128/26      00001010.00001110.00100110.10 000000
HostMin:   10.14.38.129         00001010.00001110.00100110.10 000001
HostMax:   10.14.38.190         00001010.00001110.00100110.10 111110
Broadcast: 10.14.38.191         00001010.00001110.00100110.10 111111
Hosts/Net: 62                    Class A, Private Internet
Hide full text
